31521
14457
15548
13168
21483
22391
9654
9634
16128
25817
25439
6190
18265
20619
6918
21536
7335
14352
4905
23711
140
8457
23889
18849
31366
15570
7948
13224
20295
3189
30401
21893
11569
28533
12849
17825
491
30258
19951
16678
30255
24038
4566
9106
4152
29359
9583
27015
1275
3139
26538
3725
29992
12604
13356
13868
28042
21200
15739
16355
13063
26031
24887
21322
25099
10885
2409
19898
3412
12789
18441
10942
8184
21169
11986
2630
9403
29154
8065
12958
23672
22869
13119
25673
17735
17806
29742
19783
13965
25080
16553
11223
25582
10116
8253
19147
23655
7121
2315
15756
17751
15095
31484
18386
10819
4183
269
3086
31751
21259
11653
30083
32545
19133
4682
25941
272
23006
20188
13717
20814
32071
20466
19604
25887
24549
28874
677
30425
31430
18086
29702
4546
14989
21518
19673
6920
25339
3719
29930
26092
1958
6663
23670
11673
13852
17640
14014
1326
20881
10231
12299
15581
13281
25832
8303
22857
24458
21812
17549
27094
6947
20915
17355
21976
31918
314
9391
1379
10895
17471
29337
13658
8558
19736
17197
5090
12021
8144
17626
20677
12364
4851
9002
13463
11384
4836
7985
8560
20113
17257
18951
2747
30717
12276
15851
16458
10380
15628
19372
25551
10257
21561
9152
2500
21987
29960
24529
12178
15475
15726
27904
30685
6891
32271
25783
22257
15815
29876
17378
27127
10628
29007
21958
20847
12079
27377
8341
15136
9587
2097
18975
8617
12763
32732
26064
10905
11943
20046
12320
11060
6244
450
8566
3389
8885
19597
2915
28261
14555
30169
1058
14490
3487
8914
9118
2803
20588
21472
19675
13223
6804
19454
4076
1289
29344
17086
29140
6277
9810
25410
22928
8918
27405
25010
17459
29397
6694
10582
9106
3261
24904
16056
28838
2917
13418
1610
5180
14205
5479
19356
28495
2888
9955
12479
12270
11774
7989
13792
14760
20033
29420
32203
29733
26361
6362
31420
24253
15434
29905
23568
13502
100
16859
581
12177
17025
7206
25271
11848
13780
27715
31999
4315
5500
9811
3455
1174
14319
956
5775
12800
20770
15050
31948
12828
29921
18411
12584
23481
17425
27232
7160
1601
4397
17334
14051
22031
12764
24089
14140
12472
18758
27235
13610
21190
5947
13479
1462
5620
27011
31975
11815
21810
18356
2353
31881
5973
5515
17935
1163
491
29297
4763
8046
17062
24429
25704
8846
15178
18641
22836
7870
8948
32371
1282
25819
11909
26069
29941
27133
24840
18349
31696
28272
10061
138
15965
7744
31750
28869
11113
19506
28615
12901
27943
8516
28449
19768
29122
28616
20495
882
2749
4397
3286
7529
15697
308
28207
24525
7217
9317
254
5866
23609
11103
14905
20060
27595
11998
21717
32578
1378
27904
21187
16163
6173
30767
15493
22115
6331
1713
18190
15455
7119
16672
5805
7460
5833
5290
5356
2303
2965
21812
5664
6952
30506
27499
27701
31775
14488
29861
9459
30413
2851
22013
5169
625
16976
28494
5999
15413
22654
1581
30590
15964
17105
25326
27870
19957
12008
32666
20396
2596
9559
17370
14030
26225
14274
16866
28716
19920
29783
27356
18902
12009
20147
11650
25270
18177
23590
20326
26135
13042
7427
7975
13437
3221
28207
28886
28350
23517
15204
14854
2311
18446
206
12604
25914
31416
11684
7464
26414
13066
6148
32744
15104
25147
10279
1361
10638
13897
31628
20273
32242
20235
6681
12464
11975
6705
11939
1743
27334
26430
1135
37
4126
3950
30918
1449
26216
1778
30167
10674
19917
7091
22840
18194
26669
6354
16015
3808
19718
18189
30643
11760
17509
13195
7794
4033
28115
29564
31265
9540
14616
1210
23337
19646
6479
19811
27383
5786
7957
29669
3329
1391
20611
7029
18649
25818
7764
25926
27945
9953
12376
20584
22884
2224
10158
1154
539
21335
3439
25410
27460
30981
7707
21999
8945
7736
29271
4840
1666
8974
22807
1785
31910
14000
30080
27064
13205
24606
9534
1979
4890
3923
5702
8441
30906
3519
30432
9745
23648
5442
24195
18603
9579
22169
22082
5379
1444
32093
14128
30446
22955
8991
5494
15100
21343
28840
27819
6013
23033
18015
3420
26667
17869
12914
8088
863
20761
5681
19527
7122
17029
14362
11567
28434
256
8612
2255
20529
25035
2451
15204
22592
6381
8109
16916
6866
26343
25376
1353
8209
24845
29503
9622
19331
5834
15874
19052
30196
7973
25213
24523
6707
6061
8495
8340
21315
22703
5549
3074
18952
30869
8213
9125
16320
28138
28376
16037
30155
5986
5423
30579
3897
3376
11737
12969
11683
7019
13166
7784
13904
22149
10873
2868
12820
24318
22128
32421
18082
19050
31208
3219
10576
9601
25685
25160
23917
32338
30122
6045
21278
28385
13104
30836
29812
16946
18512
15214
19467
15661
5999
14543
23249
20292
26338
12545
24929
3818
22258
16613
18053
14954
31961
17562
3637
26386
9614
753
4174
13920
22381
8124
8196
25996
4449
30882
9455
23351
1758
21706
8662
24693
25107
26820
23157
29458
1568
7137
2360
4873
2543
9408
20359
7675
8227
10431
18093
20560
6969
19445
24266
32354
14971
464
14353
11907
19582
22727
4184
9649
31159
19504
15223
4721
2576
10314
17783
7804
4140
19327
31909
5001
16751
26878
13462
29726
20907
23993
3257
12855
26091
2413
11890
19862
11845
4389
23565
5416
14449
17215
20123
7208
31474
1546
22454
7174
14966
7903
25688
19900
29919
28170
6782
32170
27474
6594
8510
3541
20190
16098
18366
3395
7376
12328
7108
24280
22767
5165
23396
10031
3335
28077
22994
11974
24389
6417
894
10012
13571
25893
2794
6039
19018
30636
25032
7440
14832
5127
26457
24136
13607
9284
4633
20013
112
18275
6486
15376
10623
19837
31780
9314
19596
32314
21207
30974
16706
26049
2669
1893
9388
24585
4586
9693
23700
10314
27406
25673
17577
5054
30630
1464
23306
27193
15754
30840
12017
27526
5437
29618
6162
22855
18030
4184
15967
6785
5127
30537
8105
24122
17351
27389
13024
23019
5447
4974
22275
1486
30106
7072
2250
11170
11262
3070
5228
25648
5682
30515
30157
23940
8636
23663
4903
7265
11450
12625
3835
29115
1992
10136
8460
1140
27723
31699
19911
32636
27656
9740
4562
12936
26892
24187
19436
28307
19427
29583
21705
15272
3475
14771
17004
5557
28463
11958
29009
16597
27372
23979
20956
10147
543
19662
31414
5811
26253
13170
21565
21475
17166
14308
22997
30340
32417
10044
24927
31136
20399
30590
14940
22568
30501
19596
2532
9634
2182
1955
7922
24276
28041
8595
14861
28241
18806
28238
31194
2905
18046
25570
10477
13053
26218
11311
23309
175
29447
27723
31521
13044
22186
20899
12918
979
7383
27446
17779
7954
18119
26105
18996
31106
31038
4070
19528
13795
9648
29331
30822
16536
28772
26933
16222
6211
2860
27295
16887
5168
8655
11979
3283
23152
27926
7160
13166
13398
17908
1226
22179
9771
10310
32747
32448
13874
15627
4870
21136
16328
20545
9158
9218
4027
27664
16187
31730
32571
6791
6436
29197
12125
21988
28788
13747
17499
2130
7382
19557
5024
5176
9909
10206
3975
13858
26015
2664
3441
561
11381
8179
7255
13014
6544
5114
21735
14333
18549
1208
15938
3038
12464
16238
4227
23847
22482
9253
27831
13136
9962
17828
13056
8906
28859
25794
28948
19636
29900
5747
25589
21839
21933
13028
7381
5308
15076
16806
10308
1916
14954
31996
13481
13429
21106
25830
19090
15175
16411
15495
4500
32507
4390
10688
19199
5662
489
25133
14621
8315
2148
8132
11788
15759
2209
4100
2712
2119
24588
9591
11182
15219
28158
28662
21601
30495
18228
25842
3664
27824
3492
31440
12112
17617
17659
14808
12712
8072
11611
11371
26493
328
31629
13729
32085
32231
13792
18633
29290
15189
29733
6518
30248
18129
15321
22869
8876
31972
16712
1247
6014
23446
6253
24123
12772
11608
24200
13461
21641
28251
8711
18968
29937
6032
27152
28733
19538
26436
3174
10556
2336
16161
22151
22841
25942
22560
22856
62
20173
22471
7974
20431
23081
29513
30087
7491
1936
7087
30794
1654
5342
16724
4692
20476
7021
21184
3069
21362
13744
25788
1994
22543
22451
23185
1584
27577
20948
18915
24189
9188
14098
1659
21977
20809
23361
31271
18201
10019
12022
8846
31018
31368
30210
29359
5389
22583
9480
25879
6101
23172
21552
25485
25605
4314
8750
906
10673
650
2972
6485
15004
10338
23784
6130
23323
20224
16588
21263
14725
6097
31363
22630
32431
18398
13924
28771
24970
27678
32395
29126
11492
25887
31748
23694
29049
14922
32342
14748
30451
27852
19896
29866
12324
11590
4377
32606
82
26497
20066
1061
12173
31803
9622
24002
29397
30067
9998
12325
27234
2274
18473
2810
9692
12424
31158
7389
7142
11815
3455
26831
17991
28376
13481
16421
21726
13842
1815
32025
1118
647
26670
30879
23763
25364
14277
8342
3127
25287
11834
8239
27111
13526
5921
10055
9542
13083
31958
23453
13726
4897
12315
12538
26715
32039
516
14106
19365
13368
7545
5548
14394
23628
13033
24760
15006
28128
10943
16490
13501
25332
4771
16367
4403
30106
30312
211
14153
1210
4231
29223
28765
26799
16255
12435
6577
4580
11177
1254
25867
10051
23423
4090
21478
17410
26954
14185
21218
30795
22277
25407
3368
29074
29774
12910
1088
331
9221
14310
25310
9641
13835
20711
11476
22577
21165
30200
4380
28686
14487
19499
30797
1221
25772
10029
23033
20601
25027
16975
1555
7658
16776
23546
28117
23255
9391
23795
8815
4736
8200
27800
25989
10758
16578
10284
1549
6969
31894
1652
130
27227
13838
23411
2927
17327
2397
12941
3179
4199
20350
32362
21909
21026
21368
28143
27583
9832
25865
581
364
20991
11704
31539
3920
17756
16623
29786
20471
32374
1518
699
22697
21193
22454
30019
30681
1630
4036
14602
18632
12839
30739
15412
11156
17282
11929
1422
3433
30808
2450
22905
13487
21333
18783
2477
28519
14223
26847
21816
24110
5242
11351
6088
2122
30070
20277
20317
12236
14580
5765
6832
22492
23044
32165
13673
28534
31408
8966
17373
28785
24693
25730
15494
16604
31888
9113
9485
31971
10182
10072
24524
3639
31917
1109
19488
305
24809
19824
13036
12359
3576
23250
8150
22812
29980
4200
10181
2284
10799
13898
8894
15478
4452
21984
15757
23451
11324
28772
8970
19746
12332
25616
9319
7750
30817
18035
14559
8783
20931
28641
24847
18952
19870
18494
14328
12265
30601
17653
3732
685
256
6718
15896
28684
10289
4665
10981
4712
1780
1242
19040
344
13175
4642
24869
11387
3717
15958
16769
29478
4631
14925
15796
6864
30896
7038
5483
19716
12803
18842
131
29464
11363
18166
14370
22306
18143
9206
17644
12390
13427
6171
1583
17642
6030
11001
16381
27540
3692
16785
10001
15222
16299
6300
11706
15824
22181
3761
29891
5110
9779
12780
20601
1171
20246
131
9507
16732
25951
4507
5106
1861
13698
26687
2667
11752
16932
7258
2893
9257
11665
188
31723
17681
18769
1574
2189
25715
11979
11634
27181
26684
31665
8989
10488
27954
3775
27435
13782
708
22146
29787
12583
11370
31617
17376
16179
27367
15096
626
3501
12143
26659
19057
26526
10031
14388
963
32359
10023
2721
23192
3582
32315
10261
15168
117
22221
5749
9848
18574
15386
6602
20559
14866
11730
23196
30791
22226
32759
9142
7517
12814
22556
13436
6188
5772
29885
19164
19342
9563
10962
15081
7400
782
4255
4859
24365
19642
24184
31527
16338
9720
24735
10430
16200
3778
3400
15975
8890
31296
23616
23171
15740
9637
27374
27743
28795
9788
17992
13337
26276
5823
8355
31497
20238
23481
28539
4225
832
12950
28877
10442
376
20996
11070
23574
13932
31406
4989
19908
461
19993
726
29628
6505
28982
10797
16100
1706
31051
29811
7220
637
17556
8343
28453
31430
25632
24002
24144
30044
13410
23368
10169
19042
16212
8403
20524
234
13914
14198
2211
2850
32354
17776
30105
7074
1900
13706
6865
19680
29550
26300
16945
20087
16006
8939
8543
6224
12118
17419
13382
5388
15186
24311
26322
28197
26876
31184
13916
3797
16309
4905
5115
16677
30064
4343
12938
10993
6496
19400
10786
25192
7289
2015
23498
30964
28922
25930
30859
26700
9414
15101
28302
16797
8621
18486
5069
6561
30586
17719
3141
3168
26491
7255
29402
25186
30829
8247
29119
13011
8731
6215
29720
1688
13983
10758
17580
4655
259
4966
29290
17256
17953
28247
3368
8084
8378
11268
13201
23599
5370
16278
6844
15027
28196
8747
20851
18202
19295
1392
13266
4912
26496
30556
17737
2162
4076
11404
27162
13950
15435
31091
18402
17133
4460
20707
18202
28987
19196
121
23738
28239
19798
27965
22388
15462
11657
3899
10626
3365
24010
6390
23926
24427
6007
13893
625
20876
11998
26302
191
26305
3204
20989
6678
28116
17300
24291
10273
12946
951
27866
29540
20524
16963
15862
11275
12404
11961
31887
21405
17816
24213
28628
27227
24230
15976
2588
624
28063
3681
1131
30987
19866
14438
10904
16635
20089
27981
13913
15585
1284
9775
17483
29006
12626
19311
29006
6402
9837
21593
31071
8049
25559
3232
4703
22835
32340
2061
5940
3442
31380
5307
31459
23434
25266
30889
24905
691
28087
14988
5775
11058
18081
6476
32490
12996
22488
5158
5412
12513
26245
11276
26750
27204
30761
2881
25167
14370
26392
15978
25190
5548
24135
23890
10103
18377
4424
25045
20279
1524
364
9575
23750
2548
7812
11793
8432
2975
29239
1233
2550
29097
13175
32067
28320
17815
32663
8756
5196
25854
6713
6684
17574
21224
8754
579
5491
9319
13344
13150
20989
25714
31170
14938
23571
23660
27032
15444
8330
515
2736
24055
22706
28339
711
28387
27223
12850
16694
32561
2598
24899
26969
31218
6996
15076
15080
13760
8217
13017
12438
31018
27865
27674
32095
12517
14249
16905
3800
3018
5772
32638
22456
23539
4513
24300
27831
5154
29517
22033
7963
6460
20966
23794
8282
16987
11373
6578
11952
7298
16342
16807
15762
19903
6861
3110
28257
9746
26396
22970
27539
23267
31887
4686
14548
6002
32641
19921
23232
8108
20391
29124
5129
2525
31222
19019
29002
22048
15139
589
14049
20474
24224
27285
29847
29736
14261
16791
145
3698
5392
23271
30275
12682
19488
2712
4037
27703
15653
28652
17236
11851
15732
124
22954
17705
22051
18293
28898
12543
12718
14025
854
19198
29224
19108
30968
14036
17823
13675
5104
18995
5995
5054
21117
8729
22278
19965
26845
21851
4364
30575
4104
11135
18113
7962
1497
18434
7906
24726
32155
25521
31008
18558
31303
15253
7163
31361
24326
9127
10145
9386
25507
4888
186
5238
4216
28947
3694
814
5518
25943
30474
7718
32669
28843
27246
2922
11017
28996
30965
5751
31987
21236
1580
25983
13077
4554
21602
1196
11545
30611
19740
14535
5968
31809
10502
22096
8621
4382
26215
22442
5090
5179
24981
24478
3545
29145
14916
27708
23717
15050
13760
28549
4495
11128
2430
29973
10343
10724
31371
20468
13747
30063
18269
31824
27790
18803
4944
6119
20172
17058
11843
23929
11345
10676
20098
24422
30110
19038
616
3247
15602
29863
29107
29071
19413
19656
28299
22229
9369
7259
28896
6824
22426
6191
19010
21187
2868
10202
22275
26732
30790
26179
23566
29089
7836
1319
23631
11402
8796
13085
3377
11678
15832
1349
20567
18953
7494
6335
29088
11065
22143
18867
3564
256
24224
17054
1914
23590
32246
29661
10868
15799
30276
4762
19835
17487
29421
11077
14153
21622
5226
3258
2622
18051
13292
21184
7146
27468
23050
22831
26757
25124
26298
12106
31446
7513
21050
6266
290
17487
15539
25516
1089
7713
7051
1307
4932
389
2606
26514
7428
29679
29927
32255
8411
27157
3042
11748
28382
2620
23740
30507
17972
15212
105
560
40
22676
17008
10124
13089
9986
28335
15393
24938
29629
45
11931
12807
29644
25085
30095
13127
12043
22167
27888
8316
23282
29833
26738
29009
20222
4931
10322
16805
20821
27461
1364
29278
15706
22159
864
18389
20826
1934
5476
8371
21894
16455
20158
5139
16549
31436
32380
10215
13578
28984
16173
13368
30848
31449
12487
18950
31947
6488
1278
11338
18256
542
24782
3645
19314
30403
27953
7813
10614
12579
1460
8480
1717
1260
13378
27303
14151
14667
20108
20078
6224
24163
23606
16701
25447
866
26776
13169
23531
8345
27819
26101
30662
2616
12745
3921
25272
6451
3361
31327
20157
5098
587
9749
23433
14905
381
20758
1635
8488
22560
23207
2879
491
10204
27207
10275
8090
9609
113
7111
23618
21985
25333
24358
10633
24488
20087
4342
30650
20206
3558
9764
22965
12527
32205
24041
24186
5534
27288
20869
11382
3846
28288
18510
13561
18849
14544
20727
24308
12274
27484
15876
18627
27375
30805
22330
655
9535
20770
14444
7085
14122
5641
22309
14090
24413
6781
19153
9228
9247
17693
1428
16415
3086
12260
31625
28872
8906
23726
21743
25865
30531
31361
1726
6713
5194
5256
7665
31603
13210
22130
19374
12349
23773
5779
14343
29184
29921
7948
32030
10057
27579
2493
23882
19875
1737
27965
22056
29100
29712
19554
13831
18919
32461
16883
22319
16646
21540
4883
19461
8555
2411
3054
14790
27243
16578
25288
11965
23126
25262
20290
13961
27587
10660
10405
1702
5103
20983
24492
3130
30952
16343
14078
6750
5852
8145
6479
1859
32452
6791
22485
14859
7408
17896
11400
24767
2012
18580
25076
16705
16810
14415
20767
13521
28167
14539
2098
9202
19464
31243
5035
14021
7631
14200
13828
13038
604
16861
28055
27916
22344
2233
24132
29826
30235
16570
20029
8975
7265
3677
28304
1978
12364
19075
25350
26520
194
16078
23618
20893
11597
13824
14007
32020
31059
20115
12823
1125
29568
415
5469
31734
10509
10915
8710
27689
3933
19727
25069
3473
17241
3771
8768
28517
9064
26267
13349
28830
2010
5867
10801
13100
3936
3318
19167
18640
31135
9692
6116
29742
4616
31234
10279
7347
12967
15171
14581
32735
14953
7957
13378
32663
14893
28356
8446
9528
6311
4048
6531
27152
10369
25983
19226
15477
9057
22080
31423
7242
281
14159
25657
7071
10986
26209
10623
17845
26946
22922
16139
22475
10978
16495
26066
21615
535
18074
16343
29060
15083
27783
2593
15914
13672
29228
30741
3290
15509
27755
15216
14675
1858
4212
28981
5637
28299
17039
25568
1144
30622
16655
6726
3757
17113
13172
13135
25476
32287
11475
20842
12160
26944
7774
4870
14756
25303
9415
26061
16522
30404
19896
9804
15979
28703
7207
18730
13717
25588
28376
28756
14681
10746
2208
28882
19305
2127
24546
6278
12918
4962
31897
8692
25712
20915
14154
22008
14258
9356
5775
31977
24343
22493
32367
15637
32068
26402
19004
494
4815
15275
23592
17745
7856
1227
24119
24879
13136
29570
4197
11321
27238
20272
12265
8838
24885
31416
9628
31141
26249
31308
24620
18109
2196
28854
27071
1467
13287
25120
4698
24378
9986
2523
23083
8858
17613
32596
18250
6090
23110
2931
4352
20649
25837
28909
30350
27440
10713
13459
12980
4249
6232
14027
15971
26840
17809
11067
2240
7261
1964
27166
17569
26061
22746
14557
7877
2048
17092
25273
17135
10851
17490
9946
11582
22074
18378
11268
20413
19760
28455
22818
20922
28700
26146
2383
29016
5360
17386
2199
32610
29479
8662
26020
3848
11699
3533
26495
8421
13970
21781
29427
32269
28957
23209
28322
14760
24546
2483
13880
21475
9468
17056
5902
12948
27522
24335
9764
3038
29451
12003
25978
17476
6294
27538
6061
15321
12717
17097
9429
31526
5128
20629
30046
31911
99
19531
22678
18845
21273
15825
12644
22363
7102
24865
28917
15682
12712
3961
4872
638
18863
24776
30222
18269
26926
15600
12403
25274
11332
24208
5497
19771
29068
7567
24139
4893
30557
12205
21623
11878
1725
29435
3748
28361
28905
5019
25575
31730
1726
4405
27037
32428
16570
23905
11176
12409
3774
1730
18118
5636
18211
11833
24341
1811
829
1681
22942
2245
29940
15919
7214
17404
10417
31795
24832
17386
19130
22725
8871
16982
634
32230
19873
12011
32626
14189
12203
9097
23583
30143
1743
24971
6959
16034
19963
29139
20167
8167
2806
23957
10815
5695
12710
27002
8291
29779
17703
30966
13196
5531
1950
24080
29172
1585
24814
3089
23889
3097
10943
9315
32362
16417
26535
30559
3565
26476
16173
16298
8832
25192
6077
29913
14947
4301
17218
20054
7054
18152
3469
13507
27933
2044
2650
14566
20929
22386
16934
20170
31007
1761
5192
24213
12911
25803
23540
12029
1769
18422
16258
6817
2601
11904
26099
245
31822
1576
13570
19091
1493
27539
32129
25256
1010
3941
24230
27600
29038
16487
24687
12740
4997
11295
30107
27749
1944
31008
7425
25236
22567
10436
25192
32574
9654
28577
15804
2556
9174
10168
8512
21691
20299
9520
12005
5709
986
23475
17671
5612
474
20730
31379
2913
10161
31002
31793
2851
7901
3486
15872
23738
14152
15426
30876
12044
22821
15590
6686
32456
10980
28747
4824
12154
16048
23831
6648
22191
7716
7709
29917
31458
12549
10648
21669
9949
16522
12313
2941
23332
15739
19455
16844
4279
8099
25124
22761
9107
4791
27567
22072
17048
30128
6165
17452
2181
26994
13889
32060
18689
13780
2097
